6.041734540020116 Training_Time (s)
15.774371279985644 Test_time (s)
86.03067956047923 Kappa accuracy (%)
90.02866136090283 Overall accuracy (%)
80.01490809284479 Average accuracy (%)
[97.59027211 89.64334026 59.77551553 94.13496292 94.23423423 60.55384615
 64.17218543] Each accuracy (%)
                  precision    recall  f1-score   support

          Forest     0.9146    0.9759    0.9443     13487
Residential area     0.9785    0.8964    0.9357     30309
 Industrial area     0.6588    0.5978    0.6268      3831
      Low plants     0.9820    0.9413    0.9612     26837
       Allotment     0.2653    0.9423    0.4141       555
 Commercial area     0.3498    0.6055    0.4434      1625
           Water     0.4821    0.6417    0.5506      1510

        accuracy                         0.9003     78154
       macro avg     0.6616    0.8001    0.6966     78154
    weighted avg     0.9253    0.9003    0.9094     78154

[[13162    10     0    36     8     4   267]
 [  646 27170   479   365   646   408   595]
 [   36   165  2290     6     5  1294    35]
 [  505   127   137 25263   661    31   113]
 [    1     2     2    21   523     1     5]
 [    7   148   449     9     2   984    26]
 [   34   145   119    26   126    91   969]]