11.408716996011208 Training_Time (s)
2.98848574499425 Test_time (s)
96.87927754392118 Kappa accuracy (%)
97.1145359494874 Overall accuracy (%)
97.23726877429475 Average accuracy (%)
[ 97.88789602  99.75688817  99.55686854 100.         100.
 100.          96.95512821  95.66993464  93.99350649  95.77464789
  94.65020576  94.55894477  89.75501114 100.         100.        ] Each accuracy (%)
              precision    recall  f1-score   support

  Apple Tree     0.9975    0.9789    0.9881      1231
    Building     0.9984    0.9976    0.9980      1234
      Ground     1.0000    0.9956    0.9978       677
        Wood     0.9714    1.0000    0.9855      1224
    Vineyard     1.0000    1.0000    1.0000      1222
       Roads     1.0000    1.0000    1.0000       305
    Building     0.9573    0.9696    0.9634      1248
    Building     0.9551    0.9567    0.9559      1224
    Building     0.9602    0.9399    0.9500      1232
    Building     0.9031    0.9577    0.9296      1207
    Building     0.9863    0.9465    0.9660      1215
    Building     0.9503    0.9456    0.9479      1213
    Building     0.9641    0.8976    0.9296       449
    Building     1.0000    1.0000    1.0000       408
    Building     0.9816    1.0000    0.9907       640

    accuracy                         0.9711     14729
   macro avg     0.9750    0.9724    0.9735     14729
weighted avg     0.9715    0.9711    0.9712     14729

[[1205    2    0   24    0    0    0    0    0    0    0    0    0    0
     0]
 [   3 1231    0    0    0    0    0    0    0    0    0    0    0    0
     0]
 [   0    0  674    0    0    0    0    0    0    0    0    0    0    0
     3]
 [   0    0    0 1224    0    0    0    0    0    0    0    0    0    0
     0]
 [   0    0    0    0 1222    0    0    0    0    0    0    0    0    0
     0]
 [   0    0    0    0    0  305    0    0    0    0    0    0    0    0
     0]
 [   0    0    0   12    0    0 1210    3   12    3    8    0    0    0
     0]
 [   0    0    0    0    0    0   44 1171    0    0    0    0    0    0
     9]
 [   0    0    0    0    0    0    2    0 1158   33    4   29    6    0
     0]
 [   0    0    0    0    0    0    0   42    3 1156    4    2    0    0
     0]
 [   0    0    0    0    0    0    0    0   33   10 1150   13    9    0
     0]
 [   0    0    0    0    0    0    8    0    0   58    0 1147    0    0
     0]
 [   0    0    0    0    0    0    0   10    0   20    0   16  403    0
     0]
 [   0    0    0    0    0    0    0    0    0    0    0    0    0  408
     0]
 [   0    0    0    0    0    0    0    0    0    0    0    0    0    0
   640]]