8.601981154002715 Training_Time (s)
13.2490673380089 Test_time (s)
84.03940721664198 Kappa accuracy (%)
87.74758262105597 Overall accuracy (%)
85.9635591428242 Average accuracy (%)
[91.42771032 77.83529412 79.40833576 97.17607973 87.91060447 99.10313901
 80.97605061 95.9807074  52.74725275 83.43558282 99.59839357] Each accuracy (%)
                      precision    recall  f1-score   support

               Trees     0.9765    0.9143    0.9443     23226
        Mostly grass     0.7346    0.7784    0.7559      4250
Mixed ground surface     0.7978    0.7941    0.7959      6862
       Dirt and sand     0.7974    0.9718    0.8760      1806
                Road     0.9303    0.8791    0.9040      6667
               Water     0.8231    0.9910    0.8993       446
     Building shadow     0.6361    0.8098    0.7125      2213
            Building     0.9578    0.9598    0.9588      6220
            Sidewalk     0.5995    0.5275    0.5612      1365
         Yellow curb     0.2012    0.8344    0.3242       163
         Cloth panel     0.5877    0.9960    0.7392       249

            accuracy                         0.8775     53467
           macro avg     0.7311    0.8596    0.7701     53467
        weighted avg     0.8912    0.8775    0.8821     53467

[[21235   365   348    83   132    59   796   130    50    27     1]
 [   71  3308   700     0     1     7     1     6    62    60    34]
 [  104   622  5449   136    42    29    11    14   195   121   139]
 [    9     0    11  1755     8     0     0     0    23     0     0]
 [   92    25   116    53  5861     0    61     5   138   316     0]
 [    0     1     3     0     0   442     0     0     0     0     0]
 [  164    43    45     1    84     0  1792    74    10     0     0]
 [   34    28    15     0    18     0   149  5970     1     5     0]
 [   36    92   141   173   151     0     7    34   720    11     0]
 [    2    18     2     0     3     0     0     0     2   136     0]
 [    0     1     0     0     0     0     0     0     0     0   248]]