7.553064210998855 Training_Time (s)
40.03696496699922 Test_time (s)
73.32775685897715 Kappa accuracy (%)
78.6382744470023 Overall accuracy (%)
84.12809906650449 Average accuracy (%)
[95.87301587 79.35920727 84.16779432 98.85057471 82.2402986  73.01365648
 78.60224185 93.08348568 71.96261682] Each accuracy (%)
              precision    recall  f1-score   support

  Apple Tree     0.4058    0.9587    0.5702      2520
    Building     0.7440    0.7936    0.7680     30275
      Ground     0.4726    0.8417    0.6053      2956
        Wood     0.1024    0.9885    0.1855        87
    Vineyard     0.9249    0.8224    0.8706     49297
       Roads     0.8266    0.7301    0.7754     42251
    Building     0.9064    0.7860    0.8419     58880
    Building     0.5142    0.9308    0.6625      3282
    Building     0.4270    0.7196    0.5359     10272

    accuracy                         0.7864    199820
   macro avg     0.5915    0.8413    0.6462    199820
weighted avg     0.8253    0.7864    0.7979    199820

[[ 2416     0     4     0    19    18    59     0     4]
 [  715 24026  1319    48   818  1642   722   356   629]
 [    2    11  2488    20     0    72     7     0   356]
 [    0     1     0    86     0     0     0     0     0]
 [  210  3662   132   123 40542  1258  1878  1217   275]
 [ 1243  3233   370   168   753 30849  1803   633  3199]
 [ 1223  1157   116   206  1346  2435 46281   673  5443]
 [    9    92     1    19    59     2    30  3055    15]
 [  136   110   835   170   297  1044   281     7  7392]]